#VRML V2.0 utf8


DEF Cylinder001-29 Transform {
  translation -377.5 -56.14 347.1
  scale 0.6532 0.6532 0.6532
  children [
    Shape {
      appearance Appearance {
        material Material {
          diffuseColor 1 1 1
        }
      }
      geometry DEF Cylinder001-29-FACES IndexedFaceSet {
        ccw TRUE
        solid TRUE
        coord DEF Cylinder001-29-COORD Coordinate { point [
          27.98 169 0, 26.29 165.6 8.936, 21.43 162.6 16.79, 13.99 159.1 24.56, 
          4.859 157.9 27.66, -4.859 157.9 27.66, -13.99 159.1 24.56, 
          -21.43 162.6 16.79, -26.29 165.6 8.936, -27.98 169 0, 
          -26.29 172.4 -8.936, -21.43 175.4 -16.79, -13.99 177.7 -24.56, 
          -4.859 178.9 -27.66, 4.859 178.9 -27.66, 13.99 177.7 -24.56, 
          21.43 175.4 -16.79, 26.29 172.4 -8.936, 27.98 -341.6 0, 
          26.29 -341.6 9.57, 21.43 -341.6 17.98, 13.99 -341.6 24.23, 
          4.859 -341.6 27.55, -4.859 -341.6 27.55, -13.99 -341.6 24.23, 
          -21.43 -341.6 17.98, -26.29 -341.6 9.57, -27.98 -341.6 0, 
          -26.29 -341.6 -9.57, -21.43 -341.6 -17.98, -13.99 -341.6 -24.23, 
          -4.859 -341.6 -27.55, 4.859 -341.6 -27.55, 13.99 -341.6 -24.23, 
          21.43 -341.6 -17.98, 26.29 -341.6 -9.57, 26.29 149.8 9.57, 
          27.98 149.8 0, 21.43 149.8 17.98, 13.99 149.8 24.23, 
          4.859 149.8 27.55, -4.859 149.8 27.55, -13.99 149.8 24.23, 
          -21.43 149.8 17.98, -26.29 149.8 9.57, -27.98 149.8 0, 
          -26.29 149.8 -9.57, -21.43 149.8 -17.98, -13.99 149.8 -24.23, 
          -4.859 149.8 -27.55, 4.859 149.8 -27.55, 13.99 149.8 -24.23, 
          21.43 149.8 -17.98, 26.29 149.8 -9.57]
        }
        normal Normal { vector [
          -0.7691 0.0058 -0.639, 0.5152 -0.0066 -0.8569, 0.4999 0 0.866, 
          -0.0002 0.9427 0.3334, -0.999 0.0018 -0.0443, -0.1697 -0.0126 0.9854, 
          0.002 0.9465 0.3224, 0.0154 0.9348 0.3545, -0.7862 0.0256 -0.6173, 
          -0.9999 0.0009 -0.0007, -0.5121 -0.0007 0.8589, 0.1736 0 0.9848, 
          1 0 0, -0.0029 0.9309 0.365, 0.5356 0.0003 0.8444, 
          0.9396 0 0.342, 0.7638 0.0133 -0.6452, -0.1581 -0.0065 -0.9873, 
          0.0466 0.9709 0.2347, 0.766 0 0.6427, -0.4999 0 0.866, 
          -0.1736 -0.0018 -0.9847, 0.1725 -0.0033 -0.9849, 0.4999 0 -0.866, 
          -0.7871 0.0413 0.6153, 0.7711 0.0173 0.6363, -0.0444 0.9301 0.3645, 
          -0.1736 0 0.9848, -1 0 0, -0.9198 0.0095 -0.3922, 0.9991 0.0024 -0.0405, 
          -0.9469 0.019 0.3209, 0.1736 0 -0.9848, -0.9396 0 0.342, 
          0.9396 0 -0.342, -0.766 0 0.6427, -0.0017 0.9216 0.388, 
          -0.4992 -0.0035 -0.8664, -0.9386 0.0057 0.3449, 0.9212 0.0154 -0.3885, 
          0.766 0 -0.6427, -0.5 0 -0.866, -0.5051 0.0036 -0.8629, 
          0.9376 0.0112 0.3474, 0.1756 -0.0179 0.9842, 0.506 0.0034 -0.8624, 
          -0.1736 0 -0.9848, 0 0.9337 0.3578, 0.9389 0.0039 -0.344, 
          0.0277 0.9034 0.4278, -0.9396 0 -0.342, 0.1561 -0.0036 -0.9877, 
          0 -1 0, 0.9999 0.0011 0.001, 0.8027 0.0438 0.5946, 
          -0.766 0 -0.6427, -0.5693 -0.0243 0.8217, -0.7609 0.026 0.6483, 
          -0.9386 0.0067 -0.3447, 0.1698 0.9507 0.2593, -0.1712 -0.0088 0.9851, 
          0.0387 0.9344 0.354, 0.4987 -0.0127 0.8666, 0.7745 0.0108 -0.6324, 
          0.1737 -0.0063 0.9847, -0.0219 0.9347 0.3546, 0.0036 0.9298 0.3679, 
          0.238 0.8486 0.4724, 0.9469 0.0095 0.3213, ] }
        normalPerVertex TRUE
        coordIndex [
          1, 36, 37, -1, 37, 0, 1, -1, 2, 38, 36, -1, 36, 1, 2, -1, 
          3, 39, 38, -1, 38, 2, 3, -1, 4, 40, 39, -1, 39, 3, 4, -1, 
          5, 41, 40, -1, 40, 4, 5, -1, 6, 42, 41, -1, 41, 5, 6, -1, 
          7, 43, 42, -1, 42, 6, 7, -1, 8, 44, 43, -1, 43, 7, 8, -1, 
          9, 45, 44, -1, 44, 8, 9, -1, 10, 46, 45, -1, 45, 9, 10, -1, 
          11, 47, 46, -1, 46, 10, 11, -1, 12, 48, 47, -1, 47, 11, 12, -1, 
          13, 49, 48, -1, 48, 12, 13, -1, 14, 50, 49, -1, 49, 13, 14, -1, 
          15, 51, 50, -1, 50, 14, 15, -1, 16, 52, 51, -1, 51, 15, 16, -1, 
          17, 53, 52, -1, 52, 16, 17, -1, 0, 37, 53, -1, 53, 17, 0, -1, 
          16, 15, 14, -1, 14, 13, 12, -1, 12, 11, 10, -1, 14, 12, 10, -1, 
          10, 9, 8, -1, 8, 7, 6, -1, 10, 8, 6, -1, 6, 5, 4, -1, 
          4, 3, 2, -1, 6, 4, 2, -1, 10, 6, 2, -1, 14, 10, 2, -1, 
          2, 1, 0, -1, 14, 2, 0, -1, 16, 14, 0, -1, 17, 16, 0, -1, 
          19, 20, 21, -1, 21, 22, 23, -1, 23, 24, 25, -1, 21, 23, 25, -1, 
          25, 26, 27, -1, 27, 28, 29, -1, 25, 27, 29, -1, 29, 30, 31, -1, 
          31, 32, 33, -1, 29, 31, 33, -1, 25, 29, 33, -1, 21, 25, 33, -1, 
          33, 34, 35, -1, 21, 33, 35, -1, 19, 21, 35, -1, 18, 19, 35, -1, 
          19, 18, 37, -1, 37, 36, 19, -1, 20, 19, 36, -1, 36, 38, 20, -1, 
          21, 20, 38, -1, 38, 39, 21, -1, 22, 21, 39, -1, 39, 40, 22, -1, 
          23, 22, 40, -1, 40, 41, 23, -1, 24, 23, 41, -1, 41, 42, 24, -1, 
          25, 24, 42, -1, 42, 43, 25, -1, 26, 25, 43, -1, 43, 44, 26, -1, 
          27, 26, 44, -1, 44, 45, 27, -1, 28, 27, 45, -1, 45, 46, 28, -1, 
          29, 28, 46, -1, 46, 47, 29, -1, 30, 29, 47, -1, 47, 48, 30, -1, 
          31, 30, 48, -1, 48, 49, 31, -1, 32, 31, 49, -1, 49, 50, 32, -1, 
          33, 32, 50, -1, 50, 51, 33, -1, 34, 33, 51, -1, 51, 52, 34, -1, 
          35, 34, 52, -1, 52, 53, 35, -1, 18, 35, 53, -1, 53, 37, 18, -1]
        normalIndex [
          68, 43, 53, -1, 53, 30, 68, -1, 54, 25, 43, -1, 43, 68, 
          54, -1, 14, 62, 25, -1, 25, 54, 14, -1, 44, 64, 62, 
          -1, 62, 14, 44, -1, 5, 60, 64, -1, 64, 44, 5, -1, 56, 
          10, 60, -1, 60, 5, 56, -1, 24, 57, 10, -1, 10, 56, 
          24, -1, 31, 38, 57, -1, 57, 24, 31, -1, 4, 9, 38, -1, 
          38, 31, 4, -1, 29, 58, 9, -1, 9, 4, 29, -1, 8, 0, 58, 
          -1, 58, 29, 8, -1, 42, 37, 0, -1, 0, 8, 42, -1, 17, 
          21, 37, -1, 37, 42, 17, -1, 51, 22, 21, -1, 21, 17, 
          51, -1, 1, 45, 22, -1, 22, 51, 1, -1, 63, 16, 45, -1, 
          45, 1, 63, -1, 39, 48, 16, -1, 16, 63, 39, -1, 30, 
          53, 48, -1, 48, 39, 30, -1, 26, 18, 3, -1, 3, 47, 6, 
          -1, 6, 67, 7, -1, 3, 6, 7, -1, 7, 47, 61, -1, 61, 59, 
          66, -1, 7, 61, 66, -1, 66, 47, 36, -1, 36, 49, 13, 
          -1, 66, 36, 13, -1, 7, 66, 13, -1, 3, 7, 13, -1, 13, 
          47, 65, -1, 3, 13, 65, -1, 26, 3, 65, -1, 47, 26, 65, 
          -1, 52, 52, 52, -1, 52, 52, 52, -1, 52, 52, 52, -1, 
          52, 52, 52, -1, 52, 52, 52, -1, 52, 52, 52, -1, 52, 
          52, 52, -1, 52, 52, 52, -1, 52, 52, 52, -1, 52, 52, 
          52, -1, 52, 52, 52, -1, 52, 52, 52, -1, 52, 52, 52, 
          -1, 52, 52, 52, -1, 52, 52, 52, -1, 52, 52, 52, -1, 
          15, 12, 53, -1, 53, 43, 15, -1, 19, 15, 43, -1, 43, 
          25, 19, -1, 2, 19, 25, -1, 25, 62, 2, -1, 11, 2, 62, 
          -1, 62, 64, 11, -1, 27, 11, 64, -1, 64, 60, 27, -1, 
          20, 27, 60, -1, 60, 10, 20, -1, 35, 20, 10, -1, 10, 
          57, 35, -1, 33, 35, 57, -1, 57, 38, 33, -1, 28, 33, 
          38, -1, 38, 9, 28, -1, 50, 28, 9, -1, 9, 58, 50, -1, 
          55, 50, 58, -1, 58, 0, 55, -1, 41, 55, 0, -1, 0, 37, 
          41, -1, 46, 41, 37, -1, 37, 21, 46, -1, 32, 46, 21, 
          -1, 21, 22, 32, -1, 23, 32, 22, -1, 22, 45, 23, -1, 
          40, 23, 45, -1, 45, 16, 40, -1, 34, 40, 16, -1, 16, 
          48, 34, -1, 12, 34, 48, -1, 48, 53, 12, -1, ]
        }
    }
  ]
}
DEF Circle001-30 Transform {
  translation -377.8 -283 347.1
  rotation -1 0 0 -3.142
  scale 0.8007 0.8007 0.8007
  children [
    Shape {
      appearance Appearance {
        material Material {
          diffuseColor 0.6 0.8941 0.7216
        }
      }
      geometry DEF Circle001-30-FACES IndexedFaceSet {
        ccw TRUE
        solid TRUE
        coord DEF Circle001-30-COORD Coordinate { point [
          22.77 0 0, 28.52 0 0, 28.52 -0.2842 0, 28.33 -0.3353 0, 
          28.2 -0.469 0, 28.16 -0.6559 0, 27.87 -0.6559 0, 27.87 -0.8644 0, 
          27.54 -1.033 0, 27.31 -1.314 0, 27.22 -1.671 0, 27.02 -1.671 0, 
          27.02 -2.052 0, 26.47 -2.06 0, 25.94 -2.167 0, 25.46 -2.365 0, 
          25.02 -2.644 0, 24.64 -2.996 0, 24.33 -3.411 0, 24.23 -3.6 0, 
          24.14 -3.798 0, 24.06 -4.004 0, 23.99 -4.218 0, 23.95 -4.438 0, 
          23.93 -4.665 0, 23.93 -5.042 0, 23.93 -5.419 0, 23.59 -5.419 0, 
          23.59 -5.808 0, 23.75 -5.808 0, 23.9 -5.953 0, 23.9 -6.15 0, 
          23.75 -6.296 0, 23.62 -6.334 0, 23.53 -6.433 0, 23.51 -6.568 0, 
          23.51 -6.759 0, 23.31 -6.759 0, 23.31 -7.072 0, 23.21 -7.072 0, 
          23.21 -7.406 0, 23.13 -7.468 0, 23.08 -7.552 0, 23.06 -7.65 0, 
          23.06 -7.874 0, 22.77 -7.874 0, 22.17 0 -5.229, 27.77 0 -6.535, 
          27.77 -0.2842 -6.535, 27.59 -0.3353 -6.493, 27.46 -0.469 -6.463, 
          27.41 -0.6559 -6.452, 27.14 -0.6559 -6.388, 27.14 -0.8644 -6.388, 
          26.81 -1.033 -6.313, 26.59 -1.314 -6.261, 26.5 -1.671 -6.239, 
          26.3 -1.671 -6.193, 26.3 -2.052 -6.193, 25.77 -2.06 -6.068, 
          25.26 -2.167 -5.95, 24.79 -2.365 -5.84, 24.36 -2.644 -5.74, 
          23.99 -2.996 -5.654, 23.69 -3.411 -5.584, 23.59 -3.6 -5.56, 
          23.5 -3.798 -5.539, 23.42 -4.004 -5.521, 23.36 -4.218 -5.506, 
          23.31 -4.438 -5.495, 23.29 -4.665 -5.491, 23.29 -5.042 -5.491, 
          23.29 -5.419 -5.491, 22.97 -5.419 -5.415, 22.97 -5.808 -5.415, 
          23.12 -5.808 -5.452, 23.27 -5.953 -5.486, 23.27 -6.15 -5.486, 
          23.12 -6.296 -5.452, 23 -6.334 -5.422, 22.91 -6.433 -5.402, 
          22.89 -6.568 -5.397, 22.89 -6.759 -5.397, 22.7 -6.759 -5.352, 
          22.7 -7.072 -5.352, 22.59 -7.072 -5.328, 22.59 -7.406 -5.328, 
          22.52 -7.468 -5.31, 22.47 -7.552 -5.298, 22.45 -7.65 -5.294, 
          22.45 -7.874 -5.294, 22.17 -7.874 -5.229, 20.46 0 -10.01, 
          25.62 0 -12.54, 25.62 -0.2842 -12.54, 25.45 -0.3353 -12.45, 
          25.33 -0.469 -12.4, 25.29 -0.6559 -12.38, 25.04 -0.6559 -12.25, 
          25.04 -0.8644 -12.25, 24.74 -1.033 -12.11, 24.53 -1.314 -12.01, 
          24.45 -1.671 -11.96, 24.27 -1.671 -11.87, 24.27 -2.052 -11.87, 
          23.78 -2.06 -11.63, 23.31 -2.167 -11.4, 22.87 -2.365 -11.19, 
          22.48 -2.644 -11, 22.14 -2.996 -10.83, 21.86 -3.411 -10.7, 
          21.77 -3.6 -10.65, 21.68 -3.798 -10.61, 21.61 -4.004 -10.58, 
          21.56 -4.218 -10.55, 21.51 -4.438 -10.53, 21.49 -4.665 -10.52, 
          21.49 -5.042 -10.52, 21.49 -5.419 -10.52, 21.19 -5.419 -10.37, 
          21.19 -5.808 -10.37, 21.34 -5.808 -10.44, 21.47 -5.953 -10.51, 
          21.47 -6.15 -10.51, 21.34 -6.296 -10.44, 21.22 -6.334 -10.38, 
          21.14 -6.433 -10.35, 21.12 -6.568 -10.34, 21.12 -6.759 -10.34, 
          20.94 -6.759 -10.25, 20.94 -7.072 -10.25, 20.85 -7.072 -10.2, 
          20.85 -7.406 -10.2, 20.78 -7.468 -10.17, 20.73 -7.552 -10.14, 
          20.71 -7.65 -10.14, 20.71 -7.874 -10.14, 20.46 -7.874 -10.01, 
          17.77 0 -14.24, 22.25 0 -17.83, 22.25 -0.2842 -17.83, 
          22.11 -0.3353 -17.72, 22 -0.469 -17.63, 21.97 -0.6559 -17.6, 
          21.75 -0.6559 -17.43, 21.75 -0.8644 -17.43, 21.49 -1.033 -17.22, 
          21.31 -1.314 -17.08, 21.23 -1.671 -17.02, 21.08 -1.671 -16.89, 
          21.08 -2.052 -16.89, 20.65 -2.06 -16.55, 20.24 -2.167 -16.22, 
          19.86 -2.365 -15.92, 19.52 -2.644 -15.65, 19.23 -2.996 -15.41, 
          18.99 -3.411 -15.21, 18.9 -3.6 -15.15, 18.83 -3.798 -15.09, 
          18.77 -4.004 -15.04, 18.72 -4.218 -15, 18.68 -4.438 -14.97, 
          18.67 -4.665 -14.96, 18.67 -5.042 -14.96, 18.67 -5.419 -14.96, 
          18.41 -5.419 -14.75, 18.41 -5.808 -14.75, 18.53 -5.808 -14.85, 
          18.65 -5.953 -14.95, 18.65 -6.15 -14.95, 18.53 -6.296 -14.85, 
          18.43 -6.334 -14.77, 18.36 -6.433 -14.71, 18.35 -6.568 -14.7, 
          18.35 -6.759 -14.7, 18.19 -6.759 -14.58, 18.19 -7.072 -14.58, 
          18.11 -7.072 -14.51, 18.11 -7.406 -14.51, 18.05 -7.468 -14.46, 
          18.01 -7.552 -14.43, 17.99 -7.65 -14.42, 17.99 -7.874 -14.42, 
          17.77 -7.874 -14.24, 14.24 0 -17.77, 17.83 0 -22.25, 
          17.83 -0.2842 -22.25, 17.72 -0.3353 -22.11, 17.63 -0.469 -22, 
          17.6 -0.6559 -21.97, 17.43 -0.6559 -21.75, 17.43 -0.8644 -21.75, 
          17.22 -1.033 -21.49, 17.08 -1.314 -21.31, 17.02 -1.671 -21.23, 
          16.89 -1.671 -21.08, 16.89 -2.052 -21.08, 16.55 -2.06 -20.65, 
          16.22 -2.167 -20.24, 15.92 -2.365 -19.86, 15.65 -2.644 -19.52, 
          15.41 -2.996 -19.23, 15.21 -3.411 -18.99, 15.15 -3.6 -18.9, 
          15.09 -3.798 -18.83, 15.04 -4.004 -18.77, 15 -4.218 -18.72, 
          14.97 -4.438 -18.68, 14.96 -4.665 -18.67, 14.96 -5.042 -18.67, 
          14.96 -5.419 -18.67, 14.75 -5.419 -18.41, 14.75 -5.808 -18.41, 
          14.85 -5.808 -18.53, 14.95 -5.953 -18.65, 14.95 -6.15 -18.65, 
          14.85 -6.296 -18.53, 14.77 -6.334 -18.43, 14.71 -6.433 -18.36, 
          14.7 -6.568 -18.35, 14.7 -6.759 -18.35, 14.58 -6.759 -18.19, 
          14.58 -7.072 -18.19, 14.51 -7.072 -18.11, 14.51 -7.406 -18.11, 
          14.46 -7.468 -18.05, 14.43 -7.552 -18.01, 14.42 -7.65 -17.99, 
          14.42 -7.874 -17.99, 14.24 -7.874 -17.77, 10.01 0 -20.46, 
          12.54 0 -25.62, 12.54 -0.2842 -25.62, 12.45 -0.3353 -25.45, 
          12.4 -0.469 -25.33, 12.38 -0.6559 -25.29, 12.25 -0.6559 -25.04, 
          12.25 -0.8644 -25.04, 12.11 -1.033 -24.74, 12.01 -1.314 -24.53, 
          11.96 -1.671 -24.45, 11.87 -1.671 -24.27, 11.87 -2.052 -24.27, 
          11.63 -2.06 -23.78, 11.4 -2.167 -23.31, 11.19 -2.365 -22.87, 
          11 -2.644 -22.48, 10.83 -2.996 -22.14, 10.7 -3.411 -21.86, 
          10.65 -3.6 -21.77, 10.61 -3.798 -21.68, 10.58 -4.004 -21.61, 
          10.55 -4.218 -21.56, 10.53 -4.438 -21.51, 10.52 -4.665 -21.49, 
          10.52 -5.042 -21.49, 10.52 -5.419 -21.49, 10.37 -5.419 -21.19, 
          10.37 -5.808 -21.19, 10.44 -5.808 -21.34, 10.51 -5.953 -21.47, 
          10.51 -6.15 -21.47, 10.44 -6.296 -21.34, 10.38 -6.334 -21.22, 
          10.35 -6.433 -21.14, 10.34 -6.568 -21.12, 10.34 -6.759 -21.12, 
          10.25 -6.759 -20.94, 10.25 -7.072 -20.94, 10.2 -7.072 -20.85, 
          10.2 -7.406 -20.85, 10.17 -7.468 -20.78, 10.14 -7.552 -20.73, 
          10.14 -7.65 -20.71, 10.14 -7.874 -20.71, 10.01 -7.874 -20.46, 
          5.229 0 -22.17, 6.535 0 -27.77, 6.535 -0.2842 -27.77, 
          6.493 -0.3353 -27.59, 6.463 -0.469 -27.46, 6.452 -0.6559 -27.41, 
          6.388 -0.6559 -27.14, 6.388 -0.8644 -27.14, 6.313 -1.033 -26.81, 
          6.26 -1.314 -26.59, 6.239 -1.671 -26.5, 6.193 -1.671 -26.3, 
          6.193 -2.052 -26.3, 6.068 -2.06 -25.77, 5.95 -2.167 -25.26, 
          5.84 -2.365 -24.79, 5.74 -2.644 -24.36, 5.654 -2.996 -23.99, 
          5.584 -3.411 -23.69, 5.56 -3.6 -23.59, 5.539 -3.798 -23.5, 
          5.521 -4.004 -23.42, 5.506 -4.218 -23.36, 5.495 -4.438 -23.31, 
          5.491 -4.665 -23.29, 5.491 -5.042 -23.29, 5.491 -5.419 -23.29, 
          5.415 -5.419 -22.97, 5.415 -5.808 -22.97, 5.452 -5.808 -23.12, 
          5.486 -5.953 -23.27, 5.486 -6.15 -23.27, 5.452 -6.296 -23.12, 
          5.422 -6.334 -23, 5.402 -6.433 -22.91, 5.397 -6.568 -22.89, 
          5.397 -6.759 -22.89, 5.352 -6.759 -22.7, 5.352 -7.072 -22.7, 
          5.328 -7.072 -22.59, 5.328 -7.406 -22.59, 5.31 -7.468 -22.52, 
          5.298 -7.552 -22.47, 5.294 -7.65 -22.45, 5.294 -7.874 -22.45, 
          5.229 -7.874 -22.17, 0 0 -22.77, 0 0 -28.52, 0 -0.2842 -28.52, 
          0 -0.3353 -28.33, 0 -0.469 -28.2, 0 -0.6559 -28.16, 
          0 -0.6559 -27.87, 0 -0.8644 -27.87, 0 -1.033 -27.54, 
          0 -1.314 -27.31, 0 -1.671 -27.22, 0 -1.671 -27.02, 
          0 -2.052 -27.02, 0 -2.06 -26.47, 0 -2.167 -25.94, 0 -2.365 -25.46, 
          0 -2.644 -25.02, 0 -2.996 -24.64, 0 -3.411 -24.33, 
          0 -3.6 -24.23, 0 -3.798 -24.14, 0 -4.004 -24.06, 0 -4.218 -23.99, 
          0 -4.438 -23.95, 0 -4.665 -23.93, 0 -5.042 -23.93, 
          0 -5.419 -23.93, 0 -5.419 -23.59, 0 -5.808 -23.59, 
          0 -5.808 -23.75, 0 -5.953 -23.9, 0 -6.15 -23.9, 0 -6.296 -23.75, 
          0 -6.334 -23.62, 0 -6.433 -23.53, 0 -6.568 -23.51, 
          0 -6.759 -23.51, 0 -6.759 -23.31, 0 -7.072 -23.31, 
          0 -7.072 -23.21, 0 -7.406 -23.21, 0 -7.468 -23.13, 
          0 -7.552 -23.08, 0 -7.65 -23.06, 0 -7.874 -23.06, 0 -7.874 -22.77, 
          -5.229 0 -22.17, -6.535 0 -27.77, -6.535 -0.2842 -27.77, 
          -6.493 -0.3353 -27.59, -6.463 -0.469 -27.46, -6.452 -0.6559 -27.41, 
          -6.388 -0.6559 -27.14, -6.388 -0.8644 -27.14, -6.313 -1.033 -26.81, 
          -6.261 -1.314 -26.59, -6.239 -1.671 -26.5, -6.193 -1.671 -26.3, 
          -6.193 -2.052 -26.3, -6.068 -2.06 -25.77, -5.95 -2.167 -25.26, 
          -5.84 -2.365 -24.79, -5.74 -2.644 -24.36, -5.654 -2.996 -23.99, 
          -5.584 -3.411 -23.69, -5.56 -3.6 -23.59, -5.539 -3.798 -23.5, 
          -5.521 -4.004 -23.42, -5.506 -4.218 -23.36, -5.495 -4.438 -23.31, 
          -5.491 -4.665 -23.29, -5.491 -5.042 -23.29, -5.491 -5.419 -23.29, 
          -5.415 -5.419 -22.97, -5.415 -5.808 -22.97, -5.452 -5.808 -23.12, 
          -5.486 -5.953 -23.27, -5.486 -6.15 -23.27, -5.452 -6.296 -23.12, 
          -5.422 -6.334 -23, -5.402 -6.433 -22.91, -5.397 -6.568 -22.89, 
          -5.397 -6.759 -22.89, -5.352 -6.759 -22.7, -5.352 -7.072 -22.7, 
          -5.328 -7.072 -22.59, -5.328 -7.406 -22.59, -5.31 -7.468 -22.52, 
          -5.298 -7.552 -22.47, -5.294 -7.65 -22.45, -5.294 -7.874 -22.45, 
          -5.229 -7.874 -22.17, -10.01 0 -20.46, -12.54 0 -25.62, 
          -12.54 -0.2842 -25.62, -12.45 -0.3353 -25.45, -12.4 -0.469 -25.33, 
          -12.38 -0.6559 -25.29, -12.25 -0.6559 -25.04, -12.25 -0.8644 -25.04, 
          -12.11 -1.033 -24.74, -12.01 -1.314 -24.53, -11.96 -1.671 -24.45, 
          -11.87 -1.671 -24.27, -11.87 -2.052 -24.27, -11.63 -2.06 -23.78, 
          -11.4 -2.167 -23.31, -11.19 -2.365 -22.87, -11 -2.644 -22.48, 
          -10.83 -2.996 -22.14, -10.7 -3.411 -21.86, -10.65 -3.6 -21.77, 
          -10.61 -3.798 -21.68, -10.58 -4.004 -21.61, -10.55 -4.218 -21.56, 
          -10.53 -4.438 -21.51, -10.52 -4.665 -21.49, -10.52 -5.042 -21.49, 
          -10.52 -5.419 -21.49, -10.37 -5.419 -21.19, -10.37 -5.808 -21.19, 
          -10.44 -5.808 -21.34, -10.51 -5.953 -21.47, -10.51 -6.15 -21.47, 
          -10.44 -6.296 -21.34, -10.38 -6.334 -21.22, -10.35 -6.433 -21.14, 
          -10.34 -6.568 -21.12, -10.34 -6.759 -21.12, -10.25 -6.759 -20.94, 
          -10.25 -7.072 -20.94, -10.2 -7.072 -20.85, -10.2 -7.406 -20.85, 
          -10.17 -7.468 -20.78, -10.14 -7.552 -20.73, -10.14 -7.65 -20.71, 
          -10.14 -7.874 -20.71, -10.01 -7.874 -20.46, -14.24 0 -17.77, 
          -17.83 0 -22.25, -17.83 -0.2842 -22.25, -17.72 -0.3353 -22.11, 
          -17.63 -0.469 -22, -17.6 -0.6559 -21.97, -17.43 -0.6559 -21.75, 
          -17.43 -0.8644 -21.75, -17.22 -1.033 -21.49, -17.08 -1.314 -21.31, 
          -17.02 -1.671 -21.23, -16.89 -1.671 -21.08, -16.89 -2.052 -21.08, 
          -16.55 -2.06 -20.65, -16.22 -2.167 -20.24, -15.92 -2.365 -19.86, 
          -15.65 -2.644 -19.52, -15.41 -2.996 -19.23, -15.21 -3.411 -18.99, 
          -15.15 -3.6 -18.9, -15.09 -3.798 -18.83, -15.04 -4.004 -18.77, 
          -15 -4.218 -18.72, -14.97 -4.438 -18.68, -14.96 -4.665 -18.67, 
          -14.96 -5.042 -18.67, -14.96 -5.419 -18.67, -14.75 -5.419 -18.41, 
          -14.75 -5.808 -18.41, -14.85 -5.808 -18.53, -14.95 -5.953 -18.65, 
          -14.95 -6.15 -18.65, -14.85 -6.296 -18.53, -14.77 -6.334 -18.43, 
          -14.71 -6.433 -18.36, -14.7 -6.568 -18.35, -14.7 -6.759 -18.35, 
          -14.58 -6.759 -18.19, -14.58 -7.072 -18.19, -14.51 -7.072 -18.11, 
          -14.51 -7.406 -18.11, -14.46 -7.468 -18.05, -14.43 -7.552 -18.01, 
          -14.42 -7.65 -17.99, -14.42 -7.874 -17.99, -14.24 -7.874 -17.77, 
          -17.77 0 -14.24, -22.25 0 -17.83, -22.25 -0.2842 -17.83, 
          -22.11 -0.3353 -17.72, -22 -0.469 -17.63, -21.97 -0.6559 -17.6, 
          -21.75 -0.6559 -17.43, -21.75 -0.8644 -17.43, -21.49 -1.033 -17.22, 
          -21.31 -1.314 -17.08, -21.23 -1.671 -17.02, -21.08 -1.671 -16.89, 
          -21.08 -2.052 -16.89, -20.65 -2.06 -16.55, -20.24 -2.167 -16.22, 
          -19.86 -2.365 -15.92, -19.52 -2.644 -15.65, -19.23 -2.996 -15.41, 
          -18.99 -3.411 -15.21, -18.9 -3.6 -15.15, -18.83 -3.798 -15.09, 
          -18.77 -4.004 -15.04, -18.72 -4.218 -15, -18.68 -4.438 -14.97, 
          -18.67 -4.665 -14.96, -18.67 -5.042 -14.96, -18.67 -5.419 -14.96, 
          -18.41 -5.419 -14.75, -18.41 -5.808 -14.75, -18.53 -5.808 -14.85, 
          -18.65 -5.953 -14.95, -18.65 -6.15 -14.95, -18.53 -6.296 -14.85, 
          -18.43 -6.334 -14.77, -18.36 -6.433 -14.71, -18.35 -6.568 -14.7, 
          -18.35 -6.759 -14.7, -18.19 -6.759 -14.58, -18.19 -7.072 -14.58, 
          -18.11 -7.072 -14.51, -18.11 -7.406 -14.51, -18.05 -7.468 -14.46, 
          -18.01 -7.552 -14.43, -17.99 -7.65 -14.42, -17.99 -7.874 -14.42, 
          -17.77 -7.874 -14.24, -20.46 0 -10.01, -25.62 0 -12.54, 
          -25.62 -0.2842 -12.54, -25.45 -0.3353 -12.45, -25.33 -0.469 -12.4, 
          -25.29 -0.6559 -12.38, -25.04 -0.6559 -12.25, -25.04 -0.8644 -12.25, 
          -24.74 -1.033 -12.11, -24.53 -1.314 -12.01, -24.45 -1.671 -11.96, 
          -24.27 -1.671 -11.87, -24.27 -2.052 -11.87, -23.78 -2.06 -11.63, 
          -23.31 -2.167 -11.4, -22.87 -2.365 -11.19, -22.48 -2.644 -11, 
          -22.14 -2.996 -10.83, -21.86 -3.411 -10.7, -21.77 -3.6 -10.65, 
          -21.68 -3.798 -10.61, -21.61 -4.004 -10.58, -21.56 -4.218 -10.55, 
          -21.51 -4.438 -10.53, -21.49 -4.665 -10.52, -21.49 -5.042 -10.52, 
          -21.49 -5.419 -10.52, -21.19 -5.419 -10.37, -21.19 -5.808 -10.37, 
          -21.34 -5.808 -10.44, -21.47 -5.953 -10.51, -21.47 -6.15 -10.51, 
          -21.34 -6.296 -10.44, -21.22 -6.334 -10.38, -21.14 -6.433 -10.35, 
          -21.12 -6.568 -10.34, -21.12 -6.759 -10.34, -20.94 -6.759 -10.25, 
          -20.94 -7.072 -10.25, -20.85 -7.072 -10.2, -20.85 -7.406 -10.2, 
          -20.78 -7.468 -10.17, -20.73 -7.552 -10.14, -20.71 -7.65 -10.14, 
          -20.71 -7.874 -10.14, -20.46 -7.874 -10.01, -22.17 0 -5.229, 
          -27.77 0 -6.535, -27.77 -0.2842 -6.535, -27.59 -0.3353 -6.493, 
          -27.46 -0.469 -6.463, -27.41 -0.6559 -6.452, -27.14 -0.6559 -6.388, 
          -27.14 -0.8644 -6.388, -26.81 -1.033 -6.313, -26.59 -1.314 -6.26, 
          -26.5 -1.671 -6.239, -26.3 -1.671 -6.193, -26.3 -2.052 -6.193, 
          -25.77 -2.06 -6.068, -25.26 -2.167 -5.95, -24.79 -2.365 -5.84, 
          -24.36 -2.644 -5.74, -23.99 -2.996 -5.654, -23.69 -3.411 -5.584, 
          -23.59 -3.6 -5.56, -23.5 -3.798 -5.539, -23.42 -4.004 -5.521, 
          -23.36 -4.218 -5.506, -23.31 -4.438 -5.495, -23.29 -4.665 -5.491, 
          -23.29 -5.042 -5.491, -23.29 -5.419 -5.491, -22.97 -5.419 -5.415, 
          -22.97 -5.808 -5.415, -23.12 -5.808 -5.452, -23.27 -5.953 -5.486, 
          -23.27 -6.15 -5.486, -23.12 -6.296 -5.452, -23 -6.334 -5.422, 
          -22.91 -6.433 -5.402, -22.89 -6.568 -5.397, -22.89 -6.759 -5.397, 
          -22.7 -6.759 -5.352, -22.7 -7.072 -5.352, -22.59 -7.072 -5.328, 
          -22.59 -7.406 -5.328, -22.52 -7.468 -5.31, -22.47 -7.552 -5.298, 
          -22.45 -7.65 -5.294, -22.45 -7.874 -5.294, -22.17 -7.874 -5.229, 
          -22.77 0 1.076e-005, -28.52 0 0, -28.52 -0.2842 0, 
          -28.33 -0.3353 0, -28.2 -0.469 0, -28.16 -0.6559 0, 
          -27.87 -0.6559 0, -27.87 -0.8644 0, -27.54 -1.033 0, 
          -27.31 -1.314 0, -27.22 -1.671 0, -27.02 -1.671 0, 
          -27.02 -2.052 0, -26.47 -2.06 0, -25.94 -2.167 0, -25.46 -2.365 0, 
          -25.02 -2.644 0, -24.64 -2.996 0, -24.33 -3.411 0, 
          -24.23 -3.6 0, -24.14 -3.798 0, -24.06 -4.004 0, -23.99 -4.218 0, 
          -23.95 -4.438 0, -23.93 -4.665 0, -23.93 -5.042 0, 
          -23.93 -5.419 0, -23.59 -5.419 0, -23.59 -5.808 0, 
          -23.75 -5.808 0, -23.9 -5.953 0, -23.9 -6.15 0, -23.75 -6.296 0, 
          -23.62 -6.334 0, -23.53 -6.433 0, -23.51 -6.568 0, 
          -23.51 -6.759 0, -23.31 -6.759 1.028e-005, -23.31 -7.072 1.03e-005, 
          -23.21 -7.072 1.045e-005, -23.21 -7.406 1.047e-005, 
          -23.13 -7.468 1.058e-005, -23.08 -7.552 1.066e-005, 
          -23.06 -7.65 1.069e-005, -23.06 -7.874 1.07e-005, -22.77 -7.874 1.111e-005, 
          -22.17 0 5.229, -27.77 0 6.535, -27.77 -0.2842 6.535, 
          -27.59 -0.3353 6.493, -27.46 -0.469 6.463, -27.41 -0.6559 6.452, 
          -27.14 -0.6559 6.388, -27.14 -0.8644 6.388, -26.81 -1.033 6.313, 
          -26.59 -1.314 6.261, -26.5 -1.671 6.239, -26.3 -1.671 6.193, 
          -26.3 -2.052 6.193, -25.77 -2.06 6.068, -25.26 -2.167 5.95, 
          -24.79 -2.365 5.84, -24.36 -2.644 5.74, -23.99 -2.996 5.654, 
          -23.69 -3.411 5.584, -23.59 -3.6 5.56, -23.5 -3.798 5.539, 
          -23.42 -4.004 5.521, -23.36 -4.218 5.507, -23.31 -4.438 5.495, 
          -23.29 -4.665 5.491, -23.29 -5.042 5.491, -23.29 -5.419 5.491, 
          -22.97 -5.419 5.415, -22.97 -5.808 5.415, -23.12 -5.808 5.452, 
          -23.27 -5.953 5.486, -23.27 -6.15 5.486, -23.12 -6.296 5.452, 
          -23 -6.334 5.422, -22.91 -6.433 5.402, -22.89 -6.568 5.397, 
          -22.89 -6.759 5.397, -22.7 -6.759 5.352, -22.7 -7.072 5.352, 
          -22.59 -7.072 5.328, -22.59 -7.406 5.328, -22.52 -7.468 5.31, 
          -22.47 -7.552 5.298, -22.45 -7.65 5.294, -22.45 -7.874 5.294, 
          -22.17 -7.874 5.229, -20.46 0 10.01, -25.62 0 12.54, 
          -25.62 -0.2842 12.54, -25.45 -0.3353 12.45, -25.33 -0.469 12.4, 
          -25.29 -0.6559 12.38, -25.04 -0.6559 12.25, -25.04 -0.8644 12.25, 
          -24.74 -1.033 12.11, -24.53 -1.314 12.01, -24.45 -1.671 11.96, 
          -24.27 -1.671 11.87, -24.27 -2.052 11.87, -23.78 -2.06 11.63, 
          -23.31 -2.167 11.4, -22.87 -2.365 11.19, -22.48 -2.644 11, 
          -22.14 -2.996 10.83, -21.86 -3.411 10.7, -21.77 -3.6 10.65, 
          -21.68 -3.798 10.61, -21.61 -4.004 10.58, -21.56 -4.218 10.55, 
          -21.51 -4.438 10.53, -21.49 -4.665 10.52, -21.49 -5.042 10.52, 
          -21.49 -5.419 10.52, -21.19 -5.419 10.37, -21.19 -5.808 10.37, 
          -21.34 -5.808 10.44, -21.47 -5.953 10.51, -21.47 -6.15 10.51, 
          -21.34 -6.296 10.44, -21.22 -6.334 10.38, -21.14 -6.433 10.35, 
          -21.12 -6.568 10.34, -21.12 -6.759 10.34, -20.94 -6.759 10.25, 
          -20.94 -7.072 10.25, -20.85 -7.072 10.2, -20.85 -7.406 10.2, 
          -20.78 -7.468 10.17, -20.73 -7.552 10.14, -20.71 -7.65 10.14, 
          -20.71 -7.874 10.14, -20.46 -7.874 10.01, -17.77 0 14.24, 
          -22.25 0 17.83, -22.25 -0.2842 17.83, -22.11 -0.3353 17.72, 
          -22 -0.469 17.63, -21.97 -0.6559 17.6, -21.75 -0.6559 17.43, 
          -21.75 -0.8644 17.43, -21.49 -1.033 17.22, -21.31 -1.314 17.08, 
          -21.23 -1.671 17.02, -21.08 -1.671 16.89, -21.08 -2.052 16.89, 
          -20.65 -2.06 16.55, -20.24 -2.167 16.22, -19.86 -2.365 15.92, 
          -19.52 -2.644 15.65, -19.23 -2.996 15.41, -18.99 -3.411 15.21, 
          -18.9 -3.6 15.15, -18.83 -3.798 15.09, -18.77 -4.004 15.04, 
          -18.72 -4.218 15, -18.68 -4.438 14.97, -18.67 -4.665 14.96, 
          -18.67 -5.042 14.96, -18.67 -5.419 14.96, -18.41 -5.419 14.75, 
          -18.41 -5.808 14.75, -18.53 -5.808 14.85, -18.65 -5.953 14.95, 
          -18.65 -6.15 14.95, -18.53 -6.296 14.85, -18.43 -6.334 14.77, 
          -18.36 -6.433 14.71, -18.35 -6.568 14.7, -18.35 -6.759 14.7, 
          -18.19 -6.759 14.58, -18.19 -7.072 14.58, -18.11 -7.072 14.51, 
          -18.11 -7.406 14.51, -18.05 -7.468 14.46, -18.01 -7.552 14.43, 
          -17.99 -7.65 14.42, -17.99 -7.874 14.42, -17.77 -7.874 14.24, 
          -14.24 0 17.77, -17.83 0 22.25, -17.83 -0.2842 22.25, 
          -17.72 -0.3353 22.11, -17.63 -0.469 22, -17.6 -0.6559 21.97, 
          -17.43 -0.6559 21.75, -17.43 -0.8644 21.75, -17.22 -1.033 21.49, 
          -17.08 -1.314 21.31, -17.02 -1.671 21.23, -16.89 -1.671 21.08, 
          -16.89 -2.052 21.08, -16.55 -2.06 20.65, -16.22 -2.167 20.24, 
          -15.92 -2.365 19.86, -15.65 -2.644 19.52, -15.41 -2.996 19.23, 
          -15.21 -3.411 18.99, -15.15 -3.6 18.9, -15.09 -3.798 18.83, 
          -15.04 -4.004 18.77, -15 -4.218 18.72, -14.97 -4.438 18.68, 
          -14.96 -4.665 18.67, -14.96 -5.042 18.67, -14.96 -5.419 18.67, 
          -14.75 -5.419 18.41, -14.75 -5.808 18.41, -14.85 -5.808 18.53, 
          -14.95 -5.953 18.65, -14.95 -6.15 18.65, -14.85 -6.296 18.53, 
          -14.77 -6.334 18.43, -14.71 -6.433 18.36, -14.7 -6.568 18.35, 
          -14.7 -6.759 18.35, -14.58 -6.759 18.19, -14.58 -7.072 18.19, 
          -14.51 -7.072 18.11, -14.51 -7.406 18.11, -14.46 -7.468 18.05, 
          -14.43 -7.552 18.01, -14.42 -7.65 17.99, -14.42 -7.874 17.99, 
          -14.24 -7.874 17.77, -10.01 0 20.46, -12.54 0 25.62, 
          -12.54 -0.2842 25.62, -12.45 -0.3353 25.45, -12.4 -0.469 25.33, 
          -12.38 -0.6559 25.29, -12.25 -0.6559 25.04, -12.25 -0.8644 25.04, 
          -12.11 -1.033 24.74, -12.01 -1.314 24.53, -11.96 -1.671 24.45, 
          -11.87 -1.671 24.27, -11.87 -2.052 24.27, -11.63 -2.06 23.78, 
          -11.4 -2.167 23.31, -11.19 -2.365 22.87, -11 -2.644 22.48, 
          -10.83 -2.996 22.14, -10.7 -3.411 21.86, -10.65 -3.6 21.77, 
          -10.61 -3.798 21.68, -10.58 -4.004 21.61, -10.55 -4.218 21.56, 
          -10.53 -4.438 21.51, -10.52 -4.665 21.49, -10.52 -5.042 21.49, 
          -10.52 -5.419 21.49, -10.37 -5.419 21.19, -10.37 -5.808 21.19, 
          -10.44 -5.808 21.34, -10.51 -5.953 21.47, -10.51 -6.15 21.47, 
          -10.44 -6.296 21.34, -10.38 -6.334 21.22, -10.35 -6.433 21.14, 
          -10.34 -6.568 21.12, -10.34 -6.759 21.12, -10.25 -6.759 20.94, 
          -10.25 -7.072 20.94, -10.2 -7.072 20.85, -10.2 -7.406 20.85, 
          -10.17 -7.468 20.78, -10.14 -7.552 20.73, -10.14 -7.65 20.71, 
          -10.14 -7.874 20.71, -10.01 -7.874 20.46, -5.229 0 22.17, 
          -6.535 0 27.77, -6.535 -0.2842 27.77, -6.493 -0.3353 27.59, 
          -6.463 -0.469 27.46, -6.452 -0.6559 27.41, -6.388 -0.6559 27.14, 
          -6.388 -0.8644 27.14, -6.313 -1.033 26.81, -6.26 -1.314 26.59, 
          -6.239 -1.671 26.5, -6.193 -1.671 26.3, -6.193 -2.052 26.3, 
          -6.068 -2.06 25.77, -5.95 -2.167 25.26, -5.84 -2.365 24.79, 
          -5.74 -2.644 24.36, -5.654 -2.996 23.99, -5.584 -3.411 23.69, 
          -5.56 -3.6 23.59, -5.539 -3.798 23.5, -5.521 -4.004 23.42, 
          -5.506 -4.218 23.36, -5.495 -4.438 23.31, -5.491 -4.665 23.29, 
          -5.491 -5.042 23.29, -5.491 -5.419 23.29, -5.415 -5.419 22.97, 
          -5.415 -5.808 22.97, -5.452 -5.808 23.12, -5.486 -5.953 23.27, 
          -5.486 -6.15 23.27, -5.452 -6.296 23.12, -5.422 -6.334 23, 
          -5.402 -6.433 22.91, -5.397 -6.568 22.89, -5.397 -6.759 22.89, 
          -5.352 -6.759 22.7, -5.352 -7.072 22.7, -5.328 -7.072 22.59, 
          -5.328 -7.406 22.59, -5.31 -7.468 22.52, -5.298 -7.552 22.47, 
          -5.294 -7.65 22.45, -5.294 -7.874 22.45, -5.229 -7.874 22.17, 
          1.343e-005 0 22.77, 0 0 28.52, 0 -0.2842 28.52, 0 -0.3353 28.33, 
          0 -0.469 28.2, 0 -0.6559 28.16, 0 -0.6559 27.87, 0 -0.8644 27.87, 
          0 -1.033 27.54, 0 -1.314 27.31, 0 -1.671 27.22, 0 -1.671 27.02, 
          0 -2.052 27.02, 0 -2.06 26.47, 0 -2.167 25.94, 0 -2.365 25.46, 
          0 -2.644 25.02, 0 -2.996 24.64, 1.003e-005 -3.411 24.33, 
          1.028e-005 -3.6 24.23, 1.05e-005 -3.798 24.14, 1.068e-005 -4.004 24.06, 
          1.084e-005 -4.218 23.99, 1.096e-005 -4.438 23.95, 1.101e-005 -4.665 23.93, 
          1.103e-005 -5.042 23.93, 1.105e-005 -5.419 23.93, 1.181e-005 -5.419 23.59, 
          1.182e-005 -5.808 23.59, 1.146e-005 -5.808 23.75, 1.112e-005 -5.953 23.9, 
          1.113e-005 -6.15 23.9, 1.148e-005 -6.296 23.75, 1.178e-005 -6.334 23.62, 
          1.198e-005 -6.433 23.53, 1.204e-005 -6.568 23.51, 1.205e-005 -6.759 23.51, 
          1.25e-005 -6.759 23.31, 1.251e-005 -7.072 23.31, 1.276e-005 -7.072 23.21, 
          1.277e-005 -7.406 23.21, 1.295e-005 -7.468 23.13, 1.307e-005 -7.552 23.08, 
          1.312e-005 -7.65 23.06, 1.313e-005 -7.874 23.06, 1.378e-005 -7.874 22.77, 
          5.229 0 22.17, 6.535 0 27.77, 6.535 -0.2842 27.77, 
          6.493 -0.3353 27.59, 6.463 -0.469 27.46, 6.452 -0.6559 27.41, 
          6.388 -0.6559 27.14, 6.388 -0.8644 27.14, 6.313 -1.033 26.81, 
          6.261 -1.314 26.59, 6.239 -1.671 26.5, 6.193 -1.671 26.3, 
          6.193 -2.052 26.3, 6.068 -2.06 25.77, 5.95 -2.167 25.26, 
          5.84 -2.365 24.79, 5.74 -2.644 24.36, 5.654 -2.996 23.99, 
          5.584 -3.411 23.69, 5.56 -3.6 23.59, 5.539 -3.798 23.5, 
          5.521 -4.004 23.42, 5.507 -4.218 23.36, 5.495 -4.438 23.31, 
          5.491 -4.665 23.29, 5.491 -5.042 23.29, 5.491 -5.419 23.29, 
          5.415 -5.419 22.97, 5.415 -5.808 22.97, 5.452 -5.808 23.12, 
          5.486 -5.953 23.27, 5.486 -6.15 23.27, 5.452 -6.296 23.12, 
          5.422 -6.334 23, 5.402 -6.433 22.91, 5.397 -6.568 22.89, 
          5.397 -6.759 22.89, 5.352 -6.759 22.7, 5.352 -7.072 22.7, 
          5.328 -7.072 22.59, 5.328 -7.406 22.59, 5.31 -7.468 22.52, 
          5.298 -7.552 22.47, 5.294 -7.65 22.45, 5.294 -7.874 22.45, 
          5.229 -7.874 22.17, 10.01 0 20.46, 12.54 0 25.62, 12.54 -0.2842 25.62, 
          12.45 -0.3353 25.45, 12.4 -0.469 25.33, 12.38 -0.6559 25.29, 
          12.25 -0.6559 25.04, 12.25 -0.8644 25.04, 12.11 -1.033 24.74, 
          12.01 -1.314 24.53, 11.96 -1.671 24.45, 11.87 -1.671 24.27, 
          11.87 -2.052 24.27, 11.63 -2.06 23.78, 11.4 -2.167 23.31, 
          11.19 -2.365 22.87, 11 -2.644 22.48, 10.83 -2.996 22.14, 
          10.7 -3.411 21.86, 10.65 -3.6 21.77, 10.61 -3.798 21.68, 
          10.58 -4.004 21.61, 10.55 -4.218 21.56, 10.53 -4.438 21.51, 
          10.52 -4.665 21.49, 10.52 -5.042 21.49, 10.52 -5.419 21.49, 
          10.37 -5.419 21.19, 10.37 -5.808 21.19, 10.44 -5.808 21.34, 
          10.51 -5.953 21.47, 10.51 -6.15 21.47, 10.44 -6.296 21.34, 
          10.38 -6.334 21.22, 10.35 -6.433 21.14, 10.34 -6.568 21.12, 
          10.34 -6.759 21.12, 10.25 -6.759 20.94, 10.25 -7.072 20.94, 
          10.2 -7.072 20.85, 10.2 -7.406 20.85, 10.17 -7.468 20.78, 
          10.14 -7.552 20.73, 10.14 -7.65 20.71, 10.14 -7.874 20.71, 
          10.01 -7.874 20.46, 14.24 0 17.77, 17.83 0 22.25, 17.83 -0.2842 22.25, 
          17.72 -0.3353 22.11, 17.63 -0.469 22, 17.6 -0.6559 21.97, 
          17.43 -0.6559 21.75, 17.43 -0.8644 21.75, 17.22 -1.033 21.49, 
          17.08 -1.314 21.31, 17.02 -1.671 21.23, 16.89 -1.671 21.08, 
          16.89 -2.052 21.08, 16.55 -2.06 20.65, 16.22 -2.167 20.24, 
          15.92 -2.365 19.86, 15.65 -2.644 19.52, 15.41 -2.996 19.23, 
          15.21 -3.411 18.99, 15.15 -3.6 18.9, 15.09 -3.798 18.83, 
          15.04 -4.004 18.77, 15 -4.218 18.72, 14.97 -4.438 18.68, 
          14.96 -4.665 18.67, 14.96 -5.042 18.67, 14.96 -5.419 18.67, 
          14.75 -5.419 18.41, 14.75 -5.808 18.41, 14.85 -5.808 18.53, 
          14.95 -5.953 18.65, 14.95 -6.15 18.65, 14.85 -6.296 18.53, 
          14.77 -6.334 18.43, 14.71 -6.433 18.36, 14.7 -6.568 18.35, 
          14.7 -6.759 18.35, 14.58 -6.759 18.19, 14.58 -7.072 18.19, 
          14.51 -7.072 18.11, 14.51 -7.406 18.11, 14.46 -7.468 18.05, 
          14.43 -7.552 18.01, 14.42 -7.65 17.99, 14.42 -7.874 17.99, 
          14.24 -7.874 17.77, 17.77 0 14.24, 22.25 0 17.83, 22.25 -0.2842 17.83, 
          22.11 -0.3353 17.72, 22 -0.469 17.63, 21.97 -0.6559 17.6, 
          21.75 -0.6559 17.43, 21.75 -0.8644 17.43, 21.49 -1.033 17.22, 
          21.31 -1.314 17.08, 21.23 -1.671 17.02, 21.08 -1.671 16.89, 
          21.08 -2.052 16.89, 20.65 -2.06 16.55, 20.24 -2.167 16.22, 
          19.86 -2.365 15.92, 19.52 -2.644 15.65, 19.23 -2.996 15.41, 
          18.99 -3.411 15.21, 18.9 -3.6 15.15, 18.83 -3.798 15.09, 
          18.77 -4.004 15.04, 18.72 -4.218 15, 18.68 -4.438 14.97, 
          18.67 -4.665 14.96, 18.67 -5.042 14.96, 18.67 -5.419 14.96, 
          18.41 -5.419 14.75, 18.41 -5.808 14.75, 18.53 -5.808 14.85, 
          18.65 -5.953 14.95, 18.65 -6.15 14.95, 18.53 -6.296 14.85, 
          18.43 -6.334 14.77, 18.36 -6.433 14.71, 18.35 -6.568 14.7, 
          18.35 -6.759 14.7, 18.19 -6.759 14.58, 18.19 -7.072 14.58, 
          18.11 -7.072 14.51, 18.11 -7.406 14.51, 18.05 -7.468 14.46, 
          18.01 -7.552 14.43, 17.99 -7.65 14.42, 17.99 -7.874 14.42, 
          17.77 -7.874 14.24, 20.46 0 10.01, 25.62 0 12.54, 25.62 -0.2842 12.54, 
          25.45 -0.3353 12.45, 25.33 -0.469 12.4, 25.29 -0.6559 12.38, 
          25.04 -0.6559 12.25, 25.04 -0.8644 12.25, 24.74 -1.033 12.11, 
          24.53 -1.314 12.01, 24.45 -1.671 11.96, 24.27 -1.671 11.87, 
          24.27 -2.052 11.87, 23.78 -2.06 11.63, 23.31 -2.167 11.4, 
          22.87 -2.365 11.19, 22.48 -2.644 11, 22.14 -2.996 10.83, 
          21.86 -3.411 10.7, 21.77 -3.6 10.65, 21.68 -3.798 10.61, 
          21.61 -4.004 10.58, 21.56 -4.218 10.55, 21.51 -4.438 10.53, 
          21.49 -4.665 10.52, 21.49 -5.042 10.52, 21.49 -5.419 10.52, 
          21.19 -5.419 10.37, 21.19 -5.808 10.37, 21.34 -5.808 10.44, 
          21.47 -5.953 10.51, 21.47 -6.15 10.51, 21.34 -6.296 10.44, 
          21.22 -6.334 10.38, 21.14 -6.433 10.35, 21.12 -6.568 10.34, 
          21.12 -6.759 10.34, 20.94 -6.759 10.25, 20.94 -7.072 10.25, 
          20.85 -7.072 10.2, 20.85 -7.406 10.2, 20.78 -7.468 10.17, 
          20.73 -7.552 10.14, 20.71 -7.65 10.14, 20.71 -7.874 10.14, 
          20.46 -7.874 10.01, 22.17 0 5.229, 27.77 0 6.535, 27.77 -0.2842 6.535, 
          27.59 -0.3353 6.493, 27.46 -0.469 6.463, 27.41 -0.6559 6.452, 
          27.14 -0.6559 6.388, 27.14 -0.8644 6.388, 26.81 -1.033 6.313, 
          26.59 -1.314 6.26, 26.5 -1.671 6.239, 26.3 -1.671 6.193, 
          26.3 -2.052 6.193, 25.77 -2.06 6.068, 25.26 -2.167 5.95, 
          24.79 -2.365 5.84, 24.36 -2.644 5.74, 23.99 -2.996 5.654, 
          23.69 -3.411 5.584, 23.59 -3.6 5.56, 23.5 -3.798 5.539, 
          23.42 -4.004 5.521, 23.36 -4.218 5.506, 23.31 -4.438 5.495, 
          23.29 -4.665 5.491, 23.29 -5.042 5.491, 23.29 -5.419 5.491, 
          22.97 -5.419 5.415, 22.97 -5.808 5.415, 23.12 -5.808 5.452, 
          23.27 -5.953 5.486, 23.27 -6.15 5.486, 23.12 -6.296 5.452, 
          23 -6.334 5.422, 22.91 -6.433 5.402, 22.89 -6.568 5.397, 
          22.89 -6.759 5.397, 22.7 -6.759 5.352, 22.7 -7.072 5.352, 
          22.59 -7.072 5.328, 22.59 -7.406 5.328, 22.52 -7.468 5.31, 
          22.47 -7.552 5.298, 22.45 -7.65 5.294, 22.45 -7.874 5.294, 
          22.17 -7.874 5.229]
        }
        normal Normal { vector [
          -0.102 -0.4546 0.8847, -0.2417 -0.958 0.1538, -0.2417 -0.958 0.1537, 
          0.5367 0 0.8437, 0.0995 -0.495 -0.8631, 0.892 -0.3198 -0.3191, 
          -0.587 -0.7818 0.21, 0.0566 -0.8695 -0.4906, 0.2091 -0.784 -0.5844, 
          0.2453 -0.8893 -0.3857, -0.6564 -0.7169 -0.2348, -0.1874 -0.9642 0.1874, 
          -0.2503 -0.669 -0.6997, 0.5192 -0.2534 0.8161, -0.5746 -0.7921 -0.2056, 
          -0.3998 -0.6671 -0.6285, -0.515 -0.792 0.3276, 0.0328 -0.9581 0.2844, 
          0.0328 -0.9581 0.2843, -0.2509 -0.6672 0.7013, 0.3496 -0.8691 -0.3496, 
          0.106 -0.3786 0.9194, -0.5306 -0.15 -0.8341, 0.6997 -0.6691 0.2503, 
          -0.5151 -0.792 0.3276, 0.4405 -0.8528 0.2802, 0.2454 -0.8893 -0.3858, 
          0.0079 -0.9998 0.0125, 0.518 -0.8532 0.0597, 0.7807 0.3791 0.4966, 
          -0.8385 -0.4546 0.3, 0.6298 -0.4546 0.6298, -0.8386 -0.4546 0.3, 
          -0.6284 -0.6672 -0.3997, 0.6699 -0.3198 0.6699, -0.0853 -0.6673 0.7398, 
          0.2348 -0.7169 0.6564, -0.4967 -0.3789 -0.7808, 0.3346 -0.7818 -0.526, 
          -0.3997 -0.6672 -0.6284, 0.102 -0.4546 -0.8847, 0.2417 -0.958 -0.1538, 
          0.2417 -0.958 -0.1537, 0.1539 -0.8894 0.4303, -0.7847 -0.3673 0.4992, 
          0.9925 -0.0419 0.1145, -0.4906 -0.8694 -0.0566, 0.4913 -0.853 0.1758, 
          0.3323 -0.1628 0.9289, 0.587 -0.7818 -0.21, -0.2508 -0.6673 0.7011, 
          -0.0523 -0.8894 -0.454, -0.8324 -0.1628 -0.5295, 0.1874 -0.9642 -0.1874, 
          0.005 -0.9998 0.0139, -0.6861 -0.2417 -0.6861, 0.515 -0.792 -0.3276, 
